# unix_time, cycles_done, cur_path, paths_total, pending_total, pending_favs, map_size, unique_crashes, unique_hangs, max_depth, execs_per_sec
1732431237, 0, 0, 2, 2, 1, 0.01%, 0, 0, 1, 4000.00
1732431242, 8, 3, 4, 0, 0, 0.02%, 0, 0, 2, 5331.27
1732431247, 20, 0, 4, 0, 0, 0.02%, 0, 0, 2, 4633.54
1732431252, 31, 3, 4, 0, 0, 0.02%, 0, 0, 2, 4433.86
1732431257, 43, 0, 4, 0, 0, 0.02%, 0, 0, 2, 4310.81
1732431262, 53, 2, 4, 0, 0, 0.02%, 0, 0, 2, 4035.09
1732431267, 64, 2, 4, 0, 0, 0.02%, 0, 0, 2, 4345.61
1732431273, 76, 0, 4, 0, 0, 0.02%, 0, 0, 2, 4442.27
1732431278, 87, 1, 4, 0, 0, 0.02%, 0, 0, 2, 4445.41
1732431283, 99, 1, 4, 0, 0, 0.02%, 0, 0, 2, 4492.29
1732431288, 110, 2, 4, 0, 0, 0.02%, 0, 0, 2, 4339.52
1732431293, 122, 1, 4, 0, 0, 0.02%, 0, 0, 2, 4298.93
1732431298, 134, 0, 4, 0, 0, 0.02%, 0, 0, 2, 4349.19
1732431303, 144, 0, 4, 0, 0, 0.02%, 0, 0, 2, 3833.04
1732431309, 152, 1, 4, 0, 0, 0.02%, 0, 0, 2, 3423.07
1732431314, 163, 1, 4, 0, 0, 0.02%, 0, 0, 2, 4150.42
1732431319, 174, 2, 4, 0, 0, 0.02%, 0, 0, 2, 4097.42
1732431324, 185, 3, 4, 0, 0, 0.02%, 0, 0, 2, 4232.74
1732431329, 196, 2, 4, 0, 0, 0.02%, 0, 0, 2, 4039.05
1732431334, 208, 3, 4, 0, 0, 0.02%, 0, 0, 2, 4571.65
1732431339, 220, 1, 4, 0, 0, 0.02%, 0, 0, 2, 4558.42
1732431345, 230, 2, 4, 0, 0, 0.02%, 0, 0, 2, 4004.82
1732431350, 242, 0, 4, 0, 0, 0.02%, 0, 0, 2, 4467.57
1732431355, 253, 1, 4, 0, 0, 0.02%, 0, 0, 2, 4313.91
1732431360, 265, 2, 4, 0, 0, 0.02%, 0, 0, 2, 4657.25
1732431365, 277, 3, 4, 0, 0, 0.02%, 0, 0, 2, 4696.15
1732431370, 290, 0, 4, 0, 0, 0.02%, 0, 0, 2, 4639.68
1732431376, 300, 0, 4, 0, 0, 0.02%, 0, 0, 2, 3620.20
1732431381, 308, 1, 4, 0, 0, 0.02%, 0, 0, 2, 3558.99
1732431386, 320, 1, 4, 0, 0, 0.02%, 0, 0, 2, 4452.61
1732431391, 330, 3, 4, 0, 0, 0.02%, 0, 0, 2, 4157.93
1732431396, 341, 1, 4, 0, 0, 0.02%, 0, 0, 2, 4270.47
1732431401, 353, 1, 4, 0, 0, 0.02%, 0, 0, 2, 4656.05
1732431406, 364, 1, 4, 0, 0, 0.02%, 0, 0, 2, 4381.11
1732431411, 376, 0, 4, 0, 0, 0.02%, 0, 0, 2, 4560.48
1732431417, 387, 3, 4, 0, 0, 0.02%, 0, 0, 2, 4398.85
1732431422, 399, 3, 4, 0, 0, 0.02%, 0, 0, 2, 4590.90
1732431427, 411, 3, 4, 0, 0, 0.02%, 0, 0, 2, 4654.14
1732431432, 422, 2, 4, 0, 0, 0.02%, 0, 0, 2, 4045.77
1732431437, 434, 0, 4, 0, 0, 0.02%, 0, 0, 2, 4441.93
1732431442, 445, 3, 4, 0, 0, 0.02%, 0, 0, 2, 4446.78
1732431447, 456, 3, 4, 0, 0, 0.02%, 0, 0, 2, 4060.73
1732431453, 466, 1, 4, 0, 0, 0.02%, 0, 0, 2, 3706.74
1732431458, 475, 3, 4, 0, 0, 0.02%, 0, 0, 2, 3746.01
1732431463, 484, 3, 4, 0, 0, 0.02%, 0, 0, 2, 3416.77
1732431468, 493, 3, 4, 0, 0, 0.02%, 0, 0, 2, 3473.29
1732431473, 504, 0, 4, 0, 0, 0.02%, 0, 0, 2, 4089.12
1732431478, 515, 2, 4, 0, 0, 0.02%, 0, 0, 2, 4496.83
1732431483, 527, 0, 4, 0, 0, 0.02%, 0, 0, 2, 4572.16
1732431489, 539, 0, 4, 0, 0, 0.02%, 0, 0, 2, 4670.23
1732431494, 551, 0, 4, 0, 0, 0.02%, 0, 0, 2, 4534.62
1732431499, 562, 2, 4, 0, 0, 0.02%, 0, 0, 2, 4529.33
1732431504, 574, 0, 4, 0, 0, 0.02%, 0, 0, 2, 4416.95
1732431509, 585, 2, 4, 0, 0, 0.02%, 0, 0, 2, 4487.28
1732431514, 597, 0, 4, 0, 0, 0.02%, 0, 0, 2, 4572.83
1732431519, 609, 0, 4, 0, 0, 0.02%, 0, 0, 2, 4607.54
1732431525, 620, 3, 4, 0, 0, 0.02%, 0, 0, 2, 4529.49
1732431530, 632, 3, 4, 0, 0, 0.02%, 0, 0, 2, 4681.91
1732431535, 645, 0, 4, 0, 0, 0.02%, 0, 0, 2, 4692.18
1732431540, 656, 1, 4, 0, 0, 0.02%, 0, 0, 2, 4287.96
1732431545, 668, 1, 4, 0, 0, 0.02%, 0, 0, 2, 4564.37
1732431550, 680, 0, 4, 0, 0, 0.02%, 0, 0, 2, 4585.83
1732431555, 691, 3, 4, 0, 0, 0.02%, 0, 0, 2, 4581.28
1732431561, 703, 1, 4, 0, 0, 0.02%, 0, 0, 2, 4457.51
1732431566, 714, 2, 4, 0, 0, 0.02%, 0, 0, 2, 4497.16
1732431571, 727, 0, 4, 0, 0, 0.02%, 0, 0, 2, 4637.65
1732431576, 738, 3, 4, 0, 0, 0.02%, 0, 0, 2, 4659.63
1732431581, 751, 1, 4, 0, 0, 0.02%, 0, 0, 2, 4691.28
1732431586, 763, 1, 4, 0, 0, 0.02%, 0, 0, 2, 4670.41
1732431591, 775, 1, 4, 0, 0, 0.02%, 0, 0, 2, 4610.43
1732431597, 787, 2, 4, 0, 0, 0.02%, 0, 0, 2, 4654.09
1732431602, 799, 0, 4, 0, 0, 0.02%, 0, 0, 2, 4545.58
1732431607, 811, 0, 4, 0, 0, 0.02%, 0, 0, 2, 4550.51
1732431612, 822, 3, 4, 0, 0, 0.02%, 0, 0, 2, 4437.10
1732431617, 834, 3, 4, 0, 0, 0.02%, 0, 0, 2, 4501.89
1732431622, 846, 2, 4, 0, 0, 0.02%, 0, 0, 2, 4544.64
1732431627, 858, 3, 4, 0, 0, 0.02%, 0, 0, 2, 4714.51
1732431633, 870, 3, 4, 0, 0, 0.02%, 0, 0, 2, 4634.43
1732431638, 882, 3, 4, 0, 0, 0.02%, 0, 0, 2, 4714.95
1732431643, 895, 1, 4, 0, 0, 0.02%, 0, 0, 2, 4682.07
1732431648, 907, 2, 4, 0, 0, 0.02%, 0, 0, 2, 4657.57
1732431653, 919, 0, 4, 0, 0, 0.02%, 0, 0, 2, 4528.99
1732431658, 931, 1, 4, 0, 0, 0.02%, 0, 0, 2, 4744.22
1732431663, 940, 1, 4, 0, 0, 0.02%, 0, 0, 2, 3935.56
1732431669, 951, 0, 4, 0, 0, 0.02%, 0, 0, 2, 4057.27
1732431674, 962, 1, 4, 0, 0, 0.02%, 0, 0, 2, 4295.90
1732431679, 973, 2, 4, 0, 0, 0.02%, 0, 0, 2, 4418.22
1732431684, 983, 1, 4, 0, 0, 0.02%, 0, 0, 2, 3478.53
1732431689, 992, 3, 4, 0, 0, 0.02%, 0, 0, 2, 3562.93
1732431694, 1004, 1, 4, 0, 0, 0.02%, 0, 0, 2, 4443.95
1732431700, 1015, 1, 4, 0, 0, 0.02%, 0, 0, 2, 4173.40
1732431705, 1025, 1, 4, 0, 0, 0.02%, 0, 0, 2, 4134.99
1732431710, 1037, 3, 4, 0, 0, 0.02%, 0, 0, 2, 4630.23
1732431715, 1049, 3, 4, 0, 0, 0.02%, 0, 0, 2, 4500.66
1732431720, 1061, 3, 4, 0, 0, 0.02%, 0, 0, 2, 4673.89
1732431725, 1073, 3, 4, 0, 0, 0.02%, 0, 0, 2, 4728.26
1732431730, 1086, 0, 4, 0, 0, 0.02%, 0, 0, 2, 4743.30
1732431736, 1097, 3, 4, 0, 0, 0.02%, 0, 0, 2, 4535.67
1732431741, 1110, 1, 4, 0, 0, 0.02%, 0, 0, 2, 4719.94
1732431746, 1122, 1, 4, 0, 0, 0.02%, 0, 0, 2, 4783.29
1732431751, 1134, 3, 4, 0, 0, 0.02%, 0, 0, 2, 4743.03
1732431756, 1146, 3, 4, 0, 0, 0.02%, 0, 0, 2, 4601.88
1732431761, 1158, 1, 4, 0, 0, 0.02%, 0, 0, 2, 4616.35
1732431766, 1170, 0, 4, 0, 0, 0.02%, 0, 0, 2, 4662.25
1732431772, 1181, 0, 4, 0, 0, 0.02%, 0, 0, 2, 4443.69
1732431777, 1193, 0, 4, 0, 0, 0.02%, 0, 0, 2, 4678.95
1732431782, 1205, 2, 4, 0, 0, 0.02%, 0, 0, 2, 4680.08
1732431787, 1218, 0, 4, 0, 0, 0.02%, 0, 0, 2, 4721.69
1732431792, 1230, 1, 4, 0, 0, 0.02%, 0, 0, 2, 4737.48
1732431797, 1242, 1, 4, 0, 0, 0.02%, 0, 0, 2, 4652.19
1732431802, 1254, 0, 4, 0, 0, 0.02%, 0, 0, 2, 4513.45
1732431808, 1266, 3, 4, 0, 0, 0.02%, 0, 0, 2, 4682.65
1732431813, 1277, 0, 4, 0, 0, 0.02%, 0, 0, 2, 4133.82
1732431818, 1289, 0, 4, 0, 0, 0.02%, 0, 0, 2, 4464.45
1732431823, 1300, 3, 4, 0, 0, 0.02%, 0, 0, 2, 4588.88
1732431828, 1312, 3, 4, 0, 0, 0.02%, 0, 0, 2, 4586.24
1732431833, 1323, 3, 4, 0, 0, 0.02%, 0, 0, 2, 4271.13
1732431838, 1335, 1, 4, 0, 0, 0.02%, 0, 0, 2, 4521.30
1732431843, 1347, 0, 4, 0, 0, 0.02%, 0, 0, 2, 4424.81
1732431849, 1356, 1, 4, 0, 0, 0.02%, 0, 0, 2, 3696.05
1732431854, 1365, 2, 4, 0, 0, 0.02%, 0, 0, 2, 3605.83
1732431859, 1377, 3, 4, 0, 0, 0.02%, 0, 0, 2, 4419.83
1732431864, 1389, 3, 4, 0, 0, 0.02%, 0, 0, 2, 4536.53
1732431869, 1401, 1, 4, 0, 0, 0.02%, 0, 0, 2, 4498.73
1732431874, 1413, 0, 4, 0, 0, 0.02%, 0, 0, 2, 4398.41
1732431880, 1424, 2, 4, 0, 0, 0.02%, 0, 0, 2, 4333.58
1732431885, 1436, 1, 4, 0, 0, 0.02%, 0, 0, 2, 4433.28
1732431890, 1447, 3, 4, 0, 0, 0.02%, 0, 0, 2, 4443.03
1732431895, 1459, 0, 4, 0, 0, 0.02%, 0, 0, 2, 4419.16
1732431900, 1470, 1, 4, 0, 0, 0.02%, 0, 0, 2, 4512.34
1732431905, 1481, 1, 4, 0, 0, 0.02%, 0, 0, 2, 4359.32
1732431910, 1490, 3, 4, 0, 0, 0.02%, 0, 0, 2, 3780.72
1732431916, 1499, 2, 4, 0, 0, 0.02%, 0, 0, 2, 3476.40
1732431921, 1510, 0, 4, 0, 0, 0.02%, 0, 0, 2, 4172.79
1732431926, 1521, 2, 4, 0, 0, 0.02%, 0, 0, 2, 4416.28
1732431931, 1532, 3, 4, 0, 0, 0.02%, 0, 0, 2, 4538.31
1732431936, 1542, 1, 4, 0, 0, 0.02%, 0, 0, 2, 3882.64
1732431941, 1552, 2, 4, 0, 0, 0.02%, 0, 0, 2, 4102.40
1732431947, 1563, 2, 4, 0, 0, 0.02%, 0, 0, 2, 4283.80
1732431952, 1574, 3, 4, 0, 0, 0.02%, 0, 0, 2, 4326.36
1732431957, 1586, 0, 4, 0, 0, 0.02%, 0, 0, 2, 4373.27
1732431962, 1598, 0, 4, 0, 0, 0.02%, 0, 0, 2, 4515.91
1732431967, 1609, 1, 4, 0, 0, 0.02%, 0, 0, 2, 4399.22
1732431972, 1617, 2, 4, 0, 0, 0.02%, 0, 0, 2, 3269.95
1732431978, 1625, 3, 4, 0, 0, 0.02%, 0, 0, 2, 3243.93
1732431983, 1637, 0, 4, 0, 0, 0.02%, 0, 0, 2, 4257.42
1732431988, 1648, 2, 4, 0, 0, 0.02%, 0, 0, 2, 4476.23
1732431993, 1660, 2, 4, 0, 0, 0.02%, 0, 0, 2, 4600.75
1732431998, 1672, 1, 4, 0, 0, 0.02%, 0, 0, 2, 4657.48
1732432003, 1684, 3, 4, 0, 0, 0.02%, 0, 0, 2, 4596.59
1732432009, 1696, 0, 4, 0, 0, 0.02%, 0, 0, 2, 4518.70
1732432014, 1707, 2, 4, 0, 0, 0.02%, 0, 0, 2, 4506.96
1732432019, 1719, 1, 4, 0, 0, 0.02%, 0, 0, 2, 4552.33
1732432024, 1731, 3, 4, 0, 0, 0.02%, 0, 0, 2, 4721.62
1732432029, 1744, 0, 4, 0, 0, 0.02%, 0, 0, 2, 4705.45
1732432034, 1754, 3, 4, 0, 0, 0.02%, 0, 0, 2, 4041.85
1732432039, 1765, 1, 4, 0, 0, 0.02%, 0, 0, 2, 4211.77
1732432045, 1777, 1, 4, 0, 0, 0.02%, 0, 0, 2, 4467.42
1732432050, 1788, 0, 4, 0, 0, 0.02%, 0, 0, 2, 4441.52
1732432055, 1800, 2, 4, 0, 0, 0.02%, 0, 0, 2, 4680.06
1732432060, 1812, 3, 4, 0, 0, 0.02%, 0, 0, 2, 4601.96
1732432065, 1824, 0, 4, 0, 0, 0.02%, 0, 0, 2, 4470.17
1732432070, 1836, 3, 4, 0, 0, 0.02%, 0, 0, 2, 4669.79
1732432075, 1847, 2, 4, 0, 0, 0.02%, 0, 0, 2, 4072.55
1732432081, 1858, 1, 4, 0, 0, 0.02%, 0, 0, 2, 4173.75
1732432086, 1870, 3, 4, 0, 0, 0.02%, 0, 0, 2, 4528.69
1732432091, 1883, 0, 4, 0, 0, 0.02%, 0, 0, 2, 4690.50
1732432096, 1894, 3, 4, 0, 0, 0.02%, 0, 0, 2, 4468.60
1732432101, 1907, 0, 4, 0, 0, 0.02%, 0, 0, 2, 4571.80
1732432106, 1918, 3, 4, 0, 0, 0.02%, 0, 0, 2, 4435.21
1732432111, 1930, 3, 4, 0, 0, 0.02%, 0, 0, 2, 4420.23
1732432117, 1942, 0, 4, 0, 0, 0.02%, 0, 0, 2, 4504.48
1732432122, 1953, 3, 4, 0, 0, 0.02%, 0, 0, 2, 4355.15
1732432127, 1963, 2, 4, 0, 0, 0.02%, 0, 0, 2, 3867.13
1732432132, 1973, 3, 4, 0, 0, 0.02%, 0, 0, 2, 3887.19
1732432137, 1984, 2, 4, 0, 0, 0.02%, 0, 0, 2, 4218.72
1732432142, 1996, 3, 4, 0, 0, 0.02%, 0, 0, 2, 4590.33
1732432148, 2008, 3, 4, 0, 0, 0.02%, 0, 0, 2, 4572.83
1732432153, 2020, 0, 4, 0, 0, 0.02%, 0, 0, 2, 4345.51
1732432158, 2029, 0, 4, 0, 0, 0.02%, 0, 0, 2, 3500.24
1732432163, 2037, 0, 4, 0, 0, 0.02%, 0, 0, 2, 3254.05
1732432168, 2046, 1, 4, 0, 0, 0.02%, 0, 0, 2, 3721.27
1732432173, 2058, 1, 4, 0, 0, 0.02%, 0, 0, 2, 4427.69
1732432178, 2069, 2, 4, 0, 0, 0.02%, 0, 0, 2, 4139.45
1732432183, 2078, 3, 4, 0, 0, 0.02%, 0, 0, 2, 3567.54
1732432189, 2088, 3, 4, 0, 0, 0.02%, 0, 0, 2, 3944.05
1732432194, 2100, 0, 4, 0, 0, 0.02%, 0, 0, 2, 4254.52
1732432199, 2111, 3, 4, 0, 0, 0.02%, 0, 0, 2, 4537.25
1732432204, 2122, 1, 4, 0, 0, 0.02%, 0, 0, 2, 4083.49
1732432209, 2131, 0, 4, 0, 0, 0.02%, 0, 0, 2, 3305.38
1732432214, 2138, 3, 4, 0, 0, 0.02%, 0, 0, 2, 2947.86
1732432220, 2147, 0, 4, 0, 0, 0.02%, 0, 0, 2, 3033.33
1732432225, 2153, 0, 4, 0, 0, 0.02%, 0, 0, 2, 2429.45
1732432230, 2162, 3, 4, 0, 0, 0.02%, 0, 0, 2, 3729.02
1732432235, 2173, 2, 4, 0, 0, 0.02%, 0, 0, 2, 4138.66
1732432240, 2185, 1, 4, 0, 0, 0.02%, 0, 0, 2, 4478.09
1732432245, 2197, 1, 4, 0, 0, 0.02%, 0, 0, 2, 4545.62
1732432250, 2209, 0, 4, 0, 0, 0.02%, 0, 0, 2, 4404.54
1732432256, 2219, 1, 4, 0, 0, 0.02%, 0, 0, 2, 4182.84
1732432261, 2230, 3, 4, 0, 0, 0.02%, 0, 0, 2, 4389.65
1732432266, 2242, 1, 4, 0, 0, 0.02%, 0, 0, 2, 4519.59
1732432271, 2254, 0, 4, 0, 0, 0.02%, 0, 0, 2, 4553.85
1732432276, 2265, 0, 4, 0, 0, 0.02%, 0, 0, 2, 4436.62
1732432281, 2275, 0, 4, 0, 0, 0.02%, 0, 0, 2, 3824.05
